1984			2.62							2.67				
1985			2.67								2.74			
1986			2.64								2.73			
1987			2.7								2.74			
1988			2.69				2.64			2.77	2.76			
1989			2.7	2.75	2.75		2.64				2.79			
1990			2.79	2.75	2.75						2.81			
1991		2.59	2.81	2.76	2.76					2.84	2.88			
1992		2.61	2.78	2.81	2.81				2.76		2.88			
1993		2.6	2.77	2.83	2.83				2.84		2.88			
1994		2.66	2.77	2.84	2.84		2.76		2.85		2.9			
1995		2.66	2.82	2.85	2.85				2.87	2.9	2.92			
1996		2.66	2.81	2.92	2.92		2.79		2.87		2.94			
1997	2.980841587	2.65	2.86	2.93	2.93				2.89		2.93			
1998	2.975650891	2.68	2.84	2.96	2.96				2.89		2.93			
1999	2.987230106	2.64	2.86	3.01	3.01				2.91		2.97			
2000	2.98456736	2.68	2.69	3.03	3.03		2.84		2.9		2.98			
2001	2.98800627	2.79	2.74	3.08	3.08				2.93	2.97	2.99			
2002	3.005176055	2.87	2.74	3.11	3.11		2.94	3.198	2.92	2.94	2.99			
2003	2.994086437	2.98	2.82	3.11	3.11			3.204	2.95	2.98	3			
2004	2.983638471	3.05	2.8	3.13	3.13			3.225		2.95	2.99			
2005	3.016759658	2.89	2.79	3.14	3.14			3.237		2.93	2.97			
2006	3.012612688	2.9	2.75	3.18	3.18			3.282		2.92	2.97			
2007	3.120426488		2.82	3.19	3.19			3.267		2.91	2.99			
2008	3.087147648		2.88	3.22	3.22		3.09	3.3204		2.91	3.01			
2009	3.087147648		2.89	3.3	3.3		3.09			2.95	3			
2010	3.11246232	3.01	2.93	3.32	3.32		3.08			2.95	3.03			
2011	3.106154319	3.01	2.99				3.1			2.94	3.04			
2012	3.097085326	3.06	3.02			3.08	3.1	3.3942		2.94	3.06			
2013	3.122958794	3.07	3.01			3.08	3.14	3.4049		2.92	3.08			
2014	3.136726297	3.07	3.03			3.11	3.18			2.96				
2015	3.180941627	3.13												